10,9,8,1,15,0,4,1,9,2,11,4,10,13,15,2,7,5
7,2,12,14,5,4,9,0,13,1,11,5,1,12,3,15,6,5
10,4,6,10,11,8,12,9,11,15,3,2,13,9,0,1,15,12
6,6,6,13,5,15,13,2,2,9,5,10,11,1,3,14,10,11
10,7,3,8,5,2,13,9,1,8,2,9,14,10,10,11,12,14
13,8,6,9,15,12,0,14,9,1,7,11,10,3,3,4,3,1
11,3,6,1,13,12,5,13,5,15,8,15,3,3,5,12,13,11
4,14,3,1,5,8,0,3,2,13,6,5,7,5,11,9,9,8
14,0,9,9,4,4,11,5,0,0,12,8,2,10,14,9,3,15
14,10,12,6,1,7,13,6,3,13,4,1,8,2,2,13,15,6
15,14,4,9,3,5,14,9,2,10,7,0,15,10,7,9,5,11
15,5,7,5,7,6,15,0,4,3,14,9,1,9,10,4,8,10
7,14,14,0,13,5,6,6,15,1,3,11,8,4,6,11,4,7
13,6,3,3,10,13,2,15,6,4,3,10,7,3,9,2,4,2
12,9,0,2,4,15,13,3,2,15,13,3,3,6,14,1,12,5
1,15,15,11,8,7,6,11,5,0,3,9,0,5,12,2,4,10
11,0,0,11,14,10,13,4,15,6,13,3,13,7,7,8,0,13
14,9,12,4,8,4,13,9,8,11,4,0,1,4,4,9,3,6
9,6,0,4,6,12,0,7,13,13,9,0,2,15,4,3,5,5
15,6,3,4,7,9,12,10,10,2,10,12,9,14,9,7,11,12
13,13,7,0,7,15,2,2,0,10,1,1,5,3,8,14,11,10
15,7,6,12,12,12,13,15,7,12,15,15,9,14,4,12,8,15
9,14,8,10,7,6,15,14,2,15,12,8,10,11,3,2,3,14
12,10,2,2,11,5,4,9,8,13,12,5,12,12,8,4,6,3
13,9,11,13,15,15,14,2,9,9,6,3,11,11,1,6,11,5
9,15,4,11,10,0,5,14,2,6,10,8,12,11,11,12,0,6
3,9,3,12,1,15,6,1,3,15,15,5,14,6,0,4,7,1
8,0,0,12,3,13,1,5,2,13,14,9,2,11,4,0,9,1
14,3,5,7,3,8,13,15,9,15,11,14,13,13,2,8,1,6
12,2,8,14,15,13,6,11,13,11,5,8,9,14,5,5,15,4
6,1,3,9,5,12,14,2,9,4,10,8,14,12,7,4,10,13
10,5,1,8,4,4,8,3,9,8,14,12,10,6,1,14,9,14
2,10,6,2,8,14,3,12,3,3,3,15,6,0,2,2,14,6
0,0,13,2,13,5,4,9,14,6,9,1,11,7,4,13,13,0
13,5,0,13,8,9,5,5,7,3,0,1,6,2,5,4,3,7
14,3,2,12,14,10,0,11,10,6,1,6,15,12,8,13,13,0
2,2,2,15,0,4,7,9,3,9,5,10,15,6,4,9,1,10
7,9,4,4,5,7,11,3,10,7,10,13,14,9,6,0,6,3
2,8,3,13,8,9,9,11,13,15,15,15,4,15,3,8,13,12
3,14,12,6,5,3,1,6,13,4,7,0,12,5,10,2,4,8
15,8,12,14,11,8,4,2,4,11,12,1,3,1,8,7,4,13
8,9,11,9,6,11,11,4,15,6,2,1,1,11,0,3,15,4
11,1,5,5,15,1,15,1,12,7,9,7,9,12,6,10,5,11
11,7,8,6,6,3,1,0,14,6,10,11,14,15,3,1,1,2
4,3,4,8,1,4,8,2,15,9,7,15,3,5,11,0,3,1
3,5,3,10,5,3,4,12,5,4,2,12,6,1,10,5,0,8
